MEAN
0.605533921489276
0.609801297165992
0.587997712434184
0.605260599675851
0.619477685042562
0.635351166666667
0.621037275862069
0.602275725649351
0.6229533954527
0.620186844435418
0.591434268996343
0.639654480487805
0.636434375762505
0.621606477624085
0.633543808302808
0.596298122964169
0.634505362525458
0.611918797473513
0.61976379046066
0.625483680261011
0.641438829457364
0.603136600408163
0.600010454471213
0.627282837826797
0.632025818553331
0.635136159852821
0.632334529243354
0.624409509001637
0.627889988538682
0.628553745290745
0.620235562474396
0.641578931967213
0.630470110701107
0.617817778506973
0.618708984407058
0.614892702791461
0.620061185626283
0.617940642152835
0.628871394985615
0.624176122944079
0.610202271904566
0.622372534156379
0.62620054713874
0.631729295716639
0.642944709929955
0.627812043281121
0.587296943092783
0.628094806518152
0.618253417251341
0.607185389760528
0.596606969847171
0.611159270247934
0.603557006200909
0.629910169561621
0.591140189491105
0.603951639072848
0.628274945341615
0.602091204639602
0.631035014919188
0.630347041044776
0.596217770634591
0.627340613692946
0.622817070983811
0.618870746677741
0.63369721686747
0.633982012468828
0.629750088981289
0.619429014143095
0.625039660008323
0.62640907826811
0.626824014993753
0.6253634325
0.62556986869529
0.629292669724771
0.588675775135586
0.638393151502504
0.602418101461378
0.618790486215539
0.603583628081906
0.605753429765886
0.598124448766207
0.641008647280335
0.638784659271662
0.631020667085427
0.623423140343527
0.630629540234702
0.634350410901467
0.624106439177852
0.627196936634494
0.624781249370277
0.620612167156657
0.623265897058824
0.618761178226145
0.615310593776283
0.613506351703828
0.615238123316498
0.613537961263158
0.618704604465038
0.611053067003793
0.614549507166948
0.613093794601434
0.614919086075949
0.626045631912199
0.61857653589527
0.624773053231939
0.616375190194421
0.613587362790698
0.611612117174281
0.59829570418959
0.619760252751905
0.634913962727658
0.633407248728814
0.615749975837219
0.615714579304495
0.596870726347051
0.603113109083192
0.620840243312102
0.615409376380629
0.623840130046749
0.613296690476191
0.607339819225861
0.607471892765957
0.621150854831843
0.631108086030664
0.614218919471666
0.611090981670929
0.613998552665245
0.614421895477816
0.619946263764405
0.623669413748933
0.61927045664246
0.619414431196581
0.622504902522446
0.625152042343884
0.606712829696192
0.621676181934931
0.624933241541756
0.621899874464439
0.620847452636091
0.622022981989708
0.603983913770914
0.621845173390558
0.620607173035638
0.633808092783505
0.622655688440052
0.631531393379192
0.634003629247312
0.623883755163511
0.629355952647439
0.630670434969854
0.628220166738475
0.634504595258621
0.624718103492885
0.630744875754961
0.633683728528269
0.634622370034542
0.63086038012959
0.635468783923941
0.630178124513619
0.633233940743945
0.632100267416703
0.630043683549784
0.640780672585535
0.632763847920277
0.635562239705245
0.628117165654814
0.629886695878525
0.626421759982639
0.638502852800695
0.622535223718506
0.608807852238157
0.633502796086956
0.623718942583732
0.601336664490862
0.607003410970832
0.616563031794425
0.614741974727669
0.606265369224063
0.607895239424335
0.605726636125654
0.603624053688346
0.602876133187773
0.591242115334207
0.608683563811189
0.627556836466987
0.614789361767279
0.619246257330416
0.60504750525394
0.617704366622865
0.593163316827344
0.62078059272249
0.619159233333333
0.599201420359807
0.639873340649693
0.634049176987264
0.644486679261863
0.642638785494505
0.632117981530343
0.637611977122745
0.631061451144366
0.60797357904007
0.607012407488987
0.608943548699868
0.606019827160494
0.611255916629907
0.618478771403354
0.620391962913907
0.61442931139576
0.620871402562969
0.63350440893015
0.611578219371959
0.597581332743363
0.622578496237273
0.620021158547387
0.602385505981391
0.621445556737589
0.643248183148559
0.616236615794144
0.612402031069685
0.640991935612789
0.629903978231897
0.640709829777778
0.638605144508671
0.633797331405694
0.637673684913218
0.620157209260908
0.635035911358575
0.627364995543672
0.637273425769059
0.625608681534344
0.634968352967425
0.627657554017857
0.63310695399732
0.610419054066131
0.613976978542691
0.621338251341682
0.621005505592841
0.630710863921218
0.628093336766682
0.62660451344086
0.627799692962797
0.645493285201794
0.615080929564827
0.638600970825853
0.622734688819039
0.635987920485175
0.626270718651685
0.632154354316547
0.622741259559154
0.627522542754275
0.630962207113913
0.620914193243243
0.619749401982875
0.620401777276826
0.618160080739738
0.61604364801444
0.60520810248307
0.607910538392051
0.607081077722549
0.611057511754069
0.615543336047038
0.614344954298643
0.611668551380715
0.61436697509058
0.608811846397825
0.612470364007253
0.609656552380952
0.620362762704174
0.612496906491148
0.611275113987284
0.62487174784189
0.61276111
0.612281638017281
0.613492438125569
0.634549177514793
0.630753782331512
0.633884446924829
0.632785505013674
0.610319790241678
0.617663462591241
0.637776062984938
0.605070237442922
0.621677008679762
0.625564618372943
0.637851268404207
0.624389063129003
0.6147276402746
0.611515380952381
0.603818336692625
0.632922189275894
0.638063148097203
0.634648324311927
0.608529363010555
0.607263595041322
0.621241445567294
0.634289089613971
0.605635352643678
0.60898879024839
0.607800100322135
0.632849712707182
0.627442689083372
0.628569738248848
0.629837349930844
0.639288087177122
0.598981033687125
0.634064564173592
0.619784372286374
0.606901768484288
0.623998245954693
0.638285601295097
0.637036837112448
0.619082121296296
0.605246066697545
0.601331856811863
0.601792010199351
0.611179410018553
0.609880147563805
0.614011675023213
0.618016930794241
0.634779689591078
0.635028134821014
0.621346310232558
0.624886581665891
0.625091876163873
0.621869537494178
0.613792524697111
0.640053378554779
0.623788824160448
0.620849328044797
0.609080633520075
0.609767352638954
0.619920777102804
0.631311298737728
0.601846101964453
0.593604535797847
0.626313244850187
0.63207098735363
0.610898007029053
0.616577588842007
0.623551646341463
0.627791110276865
0.634456802347418
0.635935787224049
0.630171030075188
0.633571031969911
0.636605801505174
0.611653660705882
0.605439826741996
0.608132055110692
0.608421409048068
0.634115394625177
0.606781113679245
0.629815442189712
0.634560092540132
0.614583893245158
0.598699806238185
0.633089846335697
0.615456312677389
0.631260849029815
0.623040317708333
0.603832986736144
0.607921616587678
0.605769671882409
0.592286918880455
0.624558135738016
0.597237534188034
0.599531305938242
0.594905987642586
0.594789778887304
0.594376326831589
0.594350690623513
0.594105966190476
0.593565329204383
0.593428061963775
0.592970166428231
0.59237846851145
0.591963025775656
0.592846499522445
0.592506958432871
0.591432527724665
0.593466631755141
0.593802510526316
0.590971439923408
0.591726074712644
0.590142206037374
0.592421808245446
0.590386171223022
0.591564651151631
0.592298087854057
0.590857311719501
0.58885244641999
0.589575414903846
0.590099234728235
0.589990836381136
0.588481425613866
0.588133413776493
0.606120921445783
0.607738332208293
0.634774904968645
0.604868523166023
0.62472204249155
0.624264238164251
0.614497913484775
0.606696068665377
0.611064835994194
0.600852434172314
0.60487248377724
0.607125682170543
0.614842663111973
0.624080243452958
0.608330479378942
0.619983187378641
0.625200646915979
0.606263096209913
0.620001699076325
0.601300392509728
0.613690296836983
0.616775687925998
0.625948500730638
0.619744375730994
0.617783528522672
0.620014402926829
0.625220934602245
0.613477384277344
0.623457400097704
0.621237800097752
0.613897909046455
0.615749362035225
0.610594881546745
0.608610566601371
0.630778511024008
0.625533942647059
0.623164123099559
0.62359732531894
0.638023076583211
0.62794690913556
0.630888358722359
0.627566264995084
0.627030548450566
0.610852875
0.6269048586903
0.607097121182266
0.603172924593396
0.609705642011834
0.607051171188949
0.613701467423495
0.612640315555556
0.60927403013834
0.614316341571923
0.611757653808111
0.61292775655616
0.606310491584158
0.630276912332838
0.61006464370664
0.616030077342588
0.63121456547619
0.624503201985112
0.628340054121152
0.629164495777447
0.636695903578529
0.640723503729488
0.633043026865672
0.632697650572424
0.600727941733068
0.61449801145989
0.609465999501495
0.626704287780549
0.612790208582834
0.619590554667998
0.619522101398601
0.618957432783608
0.6197348745
0.616599298649325
0.62647930980981
0.618104240861292
0.624581600200401
0.620727120300752
0.6298338555667
0.625076030105369
0.609876504518072
0.627210185334003
0.626999209547739
0.622126331825038
0.637771381790744
0.63291610770005
0.637610806646526
0.623609060957179
0.622186690020161
0.632714126575895
0.629207549949546
0.601952011610298
0.613229868686869
0.622323358261748
0.620222041456016
0.612830920586748
0.607608900809717
0.626443018734177
0.618992788247214
0.620308606183477
0.619877513184584
0.613207489599188
0.622472465989848
0.61789018131031
0.620049333841463
0.624498587188612
0.617218581892167
0.624971446310433
0.62694699287169
0.623575809475293
0.637883212538226
0.622563063742988
0.636641939285714
0.61000289841756
0.615826939734423
0.637240414920797
0.623312261758691
0.615214545268542
0.620569129989765
0.621968455197133
0.604140443135246
0.617962077396207
0.616318036410256
0.616153683940482
0.613070009240246
0.613002572675912
0.594204649537513
0.614953293573265
0.608998244341564
0.613367421513124
0.609857115345005
0.610522401854714
0.61367710257732
0.628251453326457
0.616120704334365
0.628099215281363
0.613491452995868
0.62400072248062
0.616351995863495
0.611937394205898
0.614763136645963
0.617394017089591
0.613532255958549
0.615033906687403
0.609847462655602
0.610415361183186
0.598575835410177
0.623509184415584
0.623678545738046
0.629490955278211
0.608582826742976
0.611538592920354
0.605692391145833
0.603492179260031
0.606955756517205
0.611035080333855
0.602067711377871
0.603749722715405
0.611446480668757
0.602264741244119
0.610660244769874
0.622090806907378
0.601453972774869
0.608781430068098
0.6103878139413
0.611386209229156
0.612098695697796
0.611532849868766
0.60807675210084
0.624734049395691
0.626565293375394
0.628000453445555
0.60434562
0.597537799894681
0.625503584299262
0.635321168160253
0.596808570675106
0.596458970976253
0.602799383315734
0.611141029054411
0.609652986786469
0.601152604442094
0.604039496296296
0.608982611434622
0.59584989565678
0.612478726020138
0.614801550901379
0.603844083289125
0.608376970276008
0.622576955921402
0.617745487778959
0.613352746943115
0.601980230851064
0.606652072378925
0.607743506922258
0.60767357911561
0.60523440565032
0.636374598933333
0.629503285485592
0.611712591030432
0.629897505876068
0.594939205237841
0.597112328342246
0.596240077046549
0.619077894539615
0.619630636850562
0.606864158092176
0.623171533512064
0.620068979077253
0.617661068169619
0.621091097207304
0.627595515851693
0.623921470967742
0.627221863367402
0.599803483853606
0.605347860527733
0.625986089439655
0.617287679245283
0.60982059223301
0.601445315704263
0.618417833153348
0.632395635332253
0.613225643243243
0.631845221741482
0.608534729437229
0.614077363833243
0.608332485915493
0.617350036856369
0.61919209164859
0.609119214867065
0.622008209011944
0.603612273764259
0.623405192934783
0.638045280043502
0.616831194776931
0.631434336418073
0.622472762527233
0.616874891008174
0.63803207742639
0.629664612111293
0.638789706331878
0.639112888585472
0.638329308196721
0.630331809185347
0.6381737095186
0.628226332785988
0.622360917853231
0.61545543890411
0.62836072752193
0.613548725178278
0.62425022557629
0.605542654036244
0.613361207142857
0.602337979659153
0.605915343234323
0.622210373142543
0.602935370044053
0.627499665013774
0.629677681918412
0.627322672917816
0.630799973509934
0.62301982661513
0.621470667403315
0.614646018242123
0.611663487831858
0.628425012174875
0.62883630841639
0.622943647645429
0.615921445121951
0.628120547420965
0.620984140954495
0.613542161576902
0.626326677777778
0.628461279043913
0.623562360400445
0.62083616360601
0.628734586859688
0.627335986629526
0.620125004459309
0.601943409927496
0.609762287388393
0.61530543718593
0.621192127374302
0.610825376187814
0.621299428411633
0.600886395075546
0.608626985442329
0.633853444817927
0.634193607623318
0.62619128547392
0.619178094837261
0.614075601347558
0.618159758988764
0.610873266441821
0.616592987626547
0.623859815981992
0.615420232545045
0.613605705915493
0.604820534949267
0.60871633784546
0.613566817155756
0.608331893280632
0.61435841299435
0.599248278688525
0.6150822760181
0.616245956989247
0.615420060588901
0.619183825495751
0.608580191609977
0.612578782756665
0.614251921679909
0.627960572402044
0.623659130681818
0.627536109152928
0.626482939704209
0.6274033767786
0.623534787585421
0.596321218803419
0.634657495438997
0.621977785510553
0.623093156392694
0.601719790976585
0.606661557142857
0.603485820468839
0.62165329576659
0.603682403548941
0.628282575028637
0.630045391977077
0.62356947706422
0.622095593230063
0.635192518943743
0.632499053991959
0.628300477011494
0.621166387004025
0.621322555811277
0.636910134715026
0.614821171082949
0.6074909129683
0.621740640138408
0.623977885747259
0.623033559468822
0.630101693240901
0.629034639306358
0.627472893001735
0.620127900462963
0.62497676433121
0.621802346465817
0.618277374492754
0.624645946055684
0.638046952988973
0.641534901277584
0.623966186519465
0.62111930872093
0.635151302501454
0.621917845750873
0.634346849737915
0.617094218531469
0.617966847813411
0.596481911318553
0.605032143023935
0.613073021612149
0.61076419170076
0.608857411695906
0.612562277940316
0.626303637587822
0.623557796133568
0.635280038686987
0.611587595307918
0.620641585093897
0.619671585437463
0.609678750293772
0.603044070546737
0.609213274705882
0.60717615891701
0.618651785630153
0.615518320565704
0.61279772759434
0.622786919764012
0.618574253246753
0.624044760189014
0.616499806737589
0.630866463630988
0.618296725443787
0.621641739490823
0.633596767180095
0.641383438648488
0.621074997034401
0.618056614836795
0.61948482719715
0.620178643493761
0.607946357907253
0.600864675193337
0.598036775595238
0.634921279928529
0.610331528009535
0.614142507453787
0.618777742243437
0.625291623283582
0.623014373357228
0.623139713687986
0.621679463516746
0.622988399760622
0.621070734730539
0.622482423007789
0.628044869904077
0.62500374325135
0.621243525810324
0.624894104504505
0.627453665865385
0.624376704750451
0.619213324308063
0.616893934376881
0.614703184337349
0.624387836648583
0.619434934258142
0.619679421846711
0.605874071859903
0.618779112990937
0.596170048367594
0.606429565033273
0.617785277239709
0.631817591762568
0.618893021818182
0.630241542753184
0.594680747572816
0.612246197935641
0.612348544349939
0.623896848632219
0.623201319343066
0.625243752891053
0.632568850182704
0.611843545399147
0.595987520731707
0.630207889566809
0.599458620879121
0.609741706780696
0.608769352689487
0.599164102752294
0.611063741126071
0.610477611757501
0.605615227941177
0.622671754138565
0.612603120858896
0.624504783916513
0.624760890663391
0.600889515673018
0.601322448954489
0.597694380923077
0.617238316502463
0.6225278995687
0.613367144882861
0.627308340530537
0.624910246296296
0.625697017294626
0.619468564276885
0.596934207173779
0.621346179455446
0.598678169040248
0.614401345105328
0.619662497210167
0.618660222704715
0.607141186219739
0.631395452173913
0.632019757613424
0.60574459141791
0.621460741132545
0.626111293275218
0.622904933333333
0.614708182668329
0.604390708671241
0.598763855805243
0.609309287945034
0.602615429375
0.611130173858662
0.608221923028786
0.607425249843456
0.614128672932331
0.615428815673981
0.607611422208281
0.618068752040176
0.608829831030151
0.614348576367065
0.597005602515723
0.626953229704217
0.622195125944584
0.626530535601764
0.629610185372005
0.635779767823344
0.620498752525253
0.627270649399874
0.607683752212389
0.619514688172043
0.628843684810127
0.616741243825206
0.614629016476553
0.624648258084971
0.622577816624366
0.621517328888889
0.612661588310038
0.611849441195168
0.618244636768448
0.636962718650541
0.619005457324841
0.619589891013384
0.594148445153061
0.610557479259732
0.61534124201788
0.601271692651757
0.609423280690537
0.604135269993602
0.621682135083227
0.614061441383728
0.627393439102564
0.624068309172547
0.62616662195122
0.641691987154785
0.624321036632391
0.621956695176849
0.62994972972973
0.625549703799098
0.617706413659794
0.622466269503546
0.615085103870968
0.61581381278244
0.621144771317829
0.617958335488041
0.609678038809832
0.624194990938511
0.613070120466321
0.634088031108231
0.622251463683528
0.620007395197923
0.619702301298701
0.620130174788824
0.611611876462939
0.611855399479506
0.611377967447917
0.616940180456026
0.602676200782269
0.607914811480757
0.603701460182768
0.60247691443501
0.617244832679739
0.620934405493787
0.622883613874346
0.618724637851997
0.600624292922674
0.611849549508197
0.602162045931758
0.627653026263953
0.627470788436268
0.626928409598948
0.621916152631579
0.612129317314022
0.624233944664032
0.609774115359262
0.627287315963061
0.626662413861386
0.603523326948481
0.616164752808989
0.620107798280423
0.615976741230973
0.602124480794702
0.600498276341948
0.610253133289125
0.600309589250166
0.595006878486056
0.621470776744186
0.61604499268617
0.618937235528942
0.625010928095872
0.616219766155896
0.627083250666667
0.611456559706471
0.624145987316422
0.627843841683367
0.621097653074866
0.627744381939799
0.61548055957162
0.595480414601473
0.598520326407507
0.605961802816901
0.61477362885906
0.604909446608462
0.595322511424731
0.59800622528581
0.590475600269179
0.606541843771044
0.595965291778976
0.598085619015509
0.606956246963563
0.61035277987846
0.594685275675676
0.605381091954023
0.603927813261164
0.612241932972241
0.625451250677507
0.611535506440678
0.594729747625509
0.608469261371351
0.629522291440217
0.623095513936098
0.644954898639456
0.623613014295439
0.624758341280654
0.624804287661895
0.62639467053206
0.616943589078498
0.618231107923497
0.638412492822967
0.625961692202462
0.612120568788501
0.625782143835616
0.624715980123372
0.619180738683128
0.621926964996568
0.631578495879121
0.62663704742268
0.639843070151307
0.610796626978665
0.627887217630854
0.611271035148174
0.616475637931034
0.625441505866115
0.600021772790055
0.627478391845197
0.61989084439834
0.63304224567474
0.632883824792244
0.623550416493416
0.622314612343967
0.603520165163081
0.625180025
0.623053797081306
0.632653495827538
0.632793477383438
0.624964870473538
0.622850264808362
0.630539463737796
0.621982928122819
0.620791273044693
0.622612577218728
0.613894711888112
0.611701094471659
0.612510290616247
0.625169806587246
0.616779812762973
0.626917475087719
0.617423984550562
0.616955723822909
0.612421864275668
0.620116612244898
0.616539132394366
0.615383997181113
0.614754462623413
0.614522942131263
0.618265290254237
0.632106929328622
0.606808294908062
0.623605709129512
0.611151174220963
0.612346866052445
0.608040777304965
0.614605609652236
0.613441030539773
0.623761425017768
0.614083303698435
0.608936532384342
0.61748702991453
0.604817572344975
0.617697393009986
0.630785001427552
0.633524655
0.602915851322373
0.607564593705293
0.613293783106657
0.610618007879656
0.613255590681004
0.620995729555237
0.606851811916726
0.620722938218391
0.60544567721064
0.605179518705036
0.605698147588193
0.625282637608069
0.625158359048306
0.621659683982684
0.63271661299639
0.621195705924856
0.623391980477223
0.614243454413893
0.631731116582187
0.629859184782609
0.632509330674402
0.629747383889695
0.632891756717502
0.628997784156977
0.623546588363636
0.629595177583697
0.609821505462491
0.615247209912536
0.620674951130562
0.617131659124088
0.615072818115413
0.616898074561404
0.614715049012436
0.620599281844802
0.631930981684982
0.615006299120235
0.611471914893617
0.620361107929515
0.606839290962528
0.631984875
0.608671647534952
0.598252031664212
0.607556879145173
0.617627051622419
0.609790195571956
0.609429596011817
0.620219410938655
0.616623683431953
0.606792039970392
0.604276941481481
0.616252275759822
0.612787267062315
0.603382703043801
0.623903694650817
0.622788376208178
0.618898558779762
0.625251310498883
0.605357875558867
0.614600007457122
0.611444702985075
0.603444610156833
0.614732350523169
0.623038798803291
0.618128240269461
0.618272384269663
0.594660184407796
0.619912557389347
0.622311226726727
0.618112404207363
0.620704343609023
0.629482083521445
0.618252113704819
0.62018601582517
0.615237913273001
0.59192744754717
0.608988445619335
0.588053376417234
0.604172180030257
0.625651161241484
0.60860204469697
0.619430105382866
0.618291657056146
0.623073703872437
0.597804282674772
0.619443409885932
0.615742111111111
0.619541550647372
0.599330365091463
0.601620317315027
0.610811398473282
0.607150564553094
0.599968793577982
0.628600746748278
0.60395965467075
0.600476914942529
0.615945504601227
0.599495879508826
0.601498685867896
0.621713311299001
0.622707555384615
0.622451784449577
0.623977186440678
0.62307133230532
0.635045648148148
0.605636758301158
0.621939569551777
0.622858699922661
0.608947856037152
0.620189417505809
0.611436896124031
0.607838043444531
0.610563570652174
0.624655912198912
0.616721339813375
0.61458820077821
0.594230127725857
0.616198283710055
0.615981439157566
0.602985754879001
0.60913486328125
0.620450249413604
0.614388705007825
0.627753036805012
0.631168346394984
0.610841805490196
0.621483174254317
0.60799959230165
0.614097823113208
0.628308567269866
0.612476638582677
0.614160709219858
0.609798048107256
0.605412330702447
0.611278151658768
0.601908031620553
0.605048090189873
0.598263600950119
0.612080019017433
0.60261728628073
0.608072928571429
0.607583694996029
0.59516483863275
0.606314309466985
0.611394486464968
0.606591599203187
0.603840547049442
0.605382568236233
0.617364746805112
0.598576431654676
0.5973466464
0.597191866293034
0.597728303685897
0.596762668003208
0.591012809791332
0.592680705220884
0.601687538585209
0.610077273531778
0.616283162640902
0.606616585012087
0.607146239516129
0.613431823244552
0.608760726171244
0.61808402829426
0.623544944174757
0.626848443724696
0.622209940032415
0.621390430656934
0.632874471590909
0.623659871649066
0.623145616260163
0.623817068348251
0.619931785830619
0.612688184189079
0.62051076182708
0.616589887346939
0.623437069444444
0.620527687653312
0.624643758592471
0.627562009009009
0.621242725409836
0.624760315012305
0.623623259441708
0.621466180772391
0.622243429276316
0.626096781893004
0.617372467874794
0.616063168178071
0.628149617986799
0.615488096614368
0.627282792561983
0.610791195202647
0.617807948675497
0.606418084507042
0.603308106965174
0.599283739419087
0.598505906146179
0.598418684954281
0.598066425124792
0.606779649458784
0.595909800833333
0.605131427856547
0.589941031719533
0.600715640768588
0.597089289297659
0.606011374058577
0.620051255443886
0.609022569991618
0.606204192114094
0.614013952980689
0.59990263697479
0.612299835155593
0.616164769360269
0.609098941870261
0.603544850758853
0.611759961181435
0.610156174831081
0.610960846999155
0.616579510152284
0.621814125317528
0.61703963559322
0.621045896522477
0.622160602716469
0.615812483432455
0.602920335884354
0.600424314042553
0.608193528109029
0.630143006820119
0.594562517064846
0.601984700256191
0.596211187179487
0.623069994011976
0.616982880993151
0.615555740359897
0.6168517864494
0.615480503862661
0.618520975945017
0.617880953568358
0.608567441480207
0.608143642549526
0.619408751724138
0.598128895599655
0.617857546632124
0.619285656006914
0.59753022750865
0.614628307359307
0.614409346620451
0.608773163920208
0.604494373263889
0.610538090356212
0.601664207826087
0.608851041775457
0.595530071428571
0.604427672188317
0.605533490401396
0.603157820087336
0.596030799825175
0.60071194488189
0.60143764798599
0.595600912357581
0.604431429824561
0.600278658472344
0.604798968365554
0.600373420404573
0.600012868838028
0.607203185903084
0.601271930335097
0.589611684907326
0.605136220848057
0.596337121131742
0.59554812920354
0.608230220549159
0.607187135638298
0.606093295474712
0.606376690053286
0.609440094222222
0.606764490213523
0.60756806856634
0.610646095365419
0.602954082069581
0.60408188125
0.599540417336908
0.602189564400716
0.60439690957923
0.600972000896057
0.600543670852018
0.606538426391382
0.621651991913747
0.624713713129496
0.606046255625563
0.614695427027027
0.601116795311091
0.591487675090253
0.58845186630533
0.594576725135624
0.59158118280543
0.61416709692029
0.615833651858568
0.60844690199637
0.595111638510445
0.622516829090909
0.635507760691538
0.602798910746812
0.623315916134913
0.600187534671533
0.587508702283105
0.600493065813528
0.605245643183898
0.603502265567766
0.586511620531622
0.587909968807339
0.600998713498623
0.626879637867647
0.630111433302668
0.597887403314917
0.614948926267281
0.622481060885609
0.622305224376731
0.625838777264325
0.621789615171138
0.627539909259259
0.626792120481928
0.624722986085343
0.619473915506035
0.623585397769517
0.618614820465116
0.617401727188082
0.614695421248835
0.615774195895522
0.617759564892624
0.619742808411215
0.604909118802619
0.61570625093633
0.618166122774133
0.616944792682927
0.642103183098592
0.620759359022556
0.61605944402634
0.624511754237288
0.590383992459943
0.618403030188679
0.617642326723324
0.616787422495274
0.616198044465468
0.620547954545455
0.622203638862559
0.621686953510436
0.619370239316239
0.618686534220532
0.613125124643197
0.618148500952381
0.615388585319352
0.617024416030534
0.607658856733524
0.62814290917782
0.620077291866029
0.613462867816092
0.62117318696069
0.627928457773512
0.629981571565802
0.631596456730769
0.632700141482194
0.621424171483622
0.621316970106075
0.61369078957529
0.60817282705314
0.598904676982592
0.611117397870281
0.61085471996124
0.599446179437439
0.610974329126214
0.610571896987366
0.608438240272374
0.608818773125609
0.604175958089669
0.612126122926829
0.610215325195313
0.607634321603128
0.615074021526419
0.613312912830558
0.607235882352941
0.609774504416094
0.605084111984283
0.603883294985251
0.611800374015748
0.595106559605911
0.616335394477318
0.621913825271471
0.611561226284585
0.613534096933729
0.621274151485149
0.617558300297324
0.610187323412698
0.626166494538232
0.627081706759443
0.626555130348259
0.622474018924303
0.632306025922233
0.626634659680639
0.609505531468531
0.617801384
0.629924031031031
0.593563922845691
0.599221427281846
0.588242827309237
0.587504150753769
0.578779575452716
0.593564302114804
0.592726439516129
0.603211868819374
0.618537568686869
0.616475810920121
0.610701287449393
0.60444383485309
0.618180463488844
0.613831316751269
0.607737296747968
0.608098743641913
0.612020436863544
0.611423225280326
0.603514545918367
0.609658872318693
0.615539327198364
0.607981590583419
0.597701482581967
0.620810006153846
0.60648096201232
0.595541086330935
0.604177161522634
0.607938854788877
0.610610125773196
0.617507684210526
0.60685386053719
0.611788625646329
0.619215871635611
0.609715961658031
0.603749686721992
0.619269910695742
0.59959448960499
0.599851949011446
0.613371157291667
0.614641231491137
0.602257902922756
0.633784675026123
0.635662555439331
0.636620391623037
0.591770438155136
0.592732609653725
0.623597608193277
0.628794634069401
0.628404056842105
0.630515210748156
0.630558799578059
0.629883258711721
0.632991875264271
0.628396974603175
0.622847076271186
0.624870217391304
0.621405080679405
0.621875968119022
0.626344591489362
0.623665172523962
0.625202046908316
0.624713191035219
0.618860216880342
0.620077592513369
0.62141769379015
0.621647332261522
0.629543237124463
0.623717100966703
0.623196723655914
0.623630333692142
0.62090286637931
0.623703946062567
0.587830408207343
0.631677448648649
0.634970906926407
0.635114698808234
0.594275200650759
0.61359510640608
0.595630336956522
0.623396857453754
0.622798366013072
0.622364497273719
0.62774739628821
0.630001859016393
0.592910921225383
0.609035697699891
0.604817547149123
0.631747004390779
0.624495586813187
0.630401900990099
0.630602991189427
0.631156459757442
0.617296725165563
0.616343572375691
0.629952022123894
0.631974249169435
0.608900057649667
0.628854504994451
0.609363726666667
0.629338419354839
0.632725082405345
0.625369256410256
0.629661002232143
0.62358388603352
0.621244598434004
0.620890386338186
0.613470437219731
0.604115150392817
0.625528370786517
0.616143069741282
0.603281418918919
0.621011379932356
0.585173118510158
0.61677564180791
0.59733389479638
0.606947560588901
0.619798944444444
0.613552238365494
0.597089301136364
0.597994440273037
0.592200995444191
0.619043367160775
0.594859244292237
0.59063124
0.592461582379863
0.616751171821306
0.595209903669725
0.587445486796785
0.598639464367816
0.58744550863061
0.59327665437788
0.581273378316032
0.599156228637413
0.605631285549133
0.592506268518519
0.589900835457706
0.589424968677494
0.625083268292683
0.62544633255814
0.630126675203725
0.622619863636364
0.618891487747958
0.623788970794393
0.632856004678363
0.608298504683841
0.631661458382181
0.629728174882629
0.631977789659224
0.628498981176471
0.628580890459364
0.625701747641509
0.629565285714286
0.623228791962175
0.624008037869823
0.622967908767773
0.604551985765125
0.605701306413302
0.597020493460167
0.601087172619048
0.604775609058403
0.585333683770883
0.586503621266428
0.584209905502392
0.590740525748503
0.597123284172662
0.617884630252101
0.623499003605769
0.589247738868833
0.599509977108434
0.593276829915561
0.587509688405797
0.589295117291415
0.622009901937046
0.586613246060606
0.59178675
0.599144594167679
0.585883610705596
0.585290459196102
0.598720379268293
0.585359956043956
0.599331745721271
0.598459042839657
0.597254102941176
0.604788462576687
0.622875230958231
0.623475687576876
0.589235115763547
0.617686060419235
0.608281127160494
0.626772957972806
0.622302464108911
0.622651214374226
0.627498117866005
0.624988667080745
0.620627555970149
0.617062454545454
0.583701001246883
0.624746038701623
0.6222736475
0.625501649561952
0.621893794486216
0.625530859473024
0.621520158291457
0.589736652830189
0.622727011335013
0.623221039092056
0.619421712121212
0.626334067003793
0.625059303797468
0.624399122940431
0.616460715736041
0.617050407878018
0.627000151399491
0.605565
0.61066462244898
0.612608761174968
0.628368907928389
0.618512339308579
0.617169406410256
0.625161302952503
0.627445230077121
0.616160494208494
0.626077635309278
0.615845349677419
0.590892302325581
0.609072080206986
0.596377643782383
0.600300150453956
0.604969431168831
0.604661703511053
0.598671098958333
0.603240247718383
0.596420861618799
0.595785394771242
0.593830985602094
0.594721617300131
0.631714228346457
0.606782975032852
0.598574368421053
0.598954629776021
0.621142125329815
0.626765212681638
0.60154880952381
0.597905683443709
0.599093602122016
0.5980998937583
0.591453198138298
0.598060162450067
0.588621896
0.597203420560748
0.593989485294118
0.604611929049531
0.586265691689008
0.59141124295302
0.593673932795699
0.580646475100942
0.59275867115903
0.631229971659919
0.628785805405405
0.630023113667118
0.615270699186992
0.63020771641791
0.630242423913044
0.608461960544218
0.606908470027248
0.577173656207367
0.590445325136612
0.592673343365253
0.589216894520548
0.593729550068587
0.608661583791209
0.602020753782669
0.590748327823691
0.593840035862069
0.63124782320442
0.613550715076072
0.616942101108033
0.616353170596394
0.615871555555556
0.628711098748261
0.626985135097493
0.622861863319386
0.619363303072626
0.62005326993007
0.586173271708683
0.589038646563815
0.595857519662921
0.598591082981716
0.599053277464789
0.600862836389281
0.601112512711864
0.622526495049505
0.615548419263456
0.60379239858156
0.582815
0.604201162162162
0.63057461965812
0.584417601997147
0.578281858571429
0.603377193133047
0.618320555873926
0.582905667144907
0.593033301724138
0.593202726618705
0.59536054610951
0.583556672438672
0.584499226878613
0.572772981186686
0.582714907246377
0.585552647314949
0.604583895348837
0.597246641921397
0.604333504373178
0.603623143065693
0.59217181871345
0.586190484626647
0.59110282111437
0.60021528928047
0.582914130882353
0.586444885125184
0.579914268436578
0.633046762186115
0.607294068047337
0.609299128888889
0.640759083086053
0.640249221396731
0.639396638392857
0.619388257824143
0.635683358208955
0.620554463378176
0.633786065868263
0.637372290854573
0.639177174174174
0.636866905263158
0.63724777560241
0.636969003016591
0.637127483383686
0.636689777609682
0.636014543939394
0.634724831562974
0.635306054711246
0.631008085235921
0.62751193902439
0.618201053435115
0.622720649847095
0.616755303215927
0.622036659509203
0.622075528417819
0.60449904
0.585080892141757
0.58498112654321
0.583566607418856
0.586482650154799
0.583298054263566
0.564293913043478
0.60783966562986
0.62682572741433
0.618146455538222
0.5838622796875
0.619636585289515
0.620407467084639
0.631266216640502
0.622212488993711
0.585136820472441
0.579792686119874
0.583525304897314
0.585555234177215
0.581164697305864
0.577659595238095
0.585716626391097
0.591723
0.570546350877193
0.615656238019169
0.593553456
0.590486572115385
0.583784003210273
0.57710068488746
0.577940070853462
0.578580617741935
0.603273106623586
0.599943909385113
0.623480371150729
0.614415602272727
0.635994783739837
0.638297916938111
0.635363902120718
0.635981769607843
0.642748731587561
0.631870149180328
0.632122471264368
0.632691358552632
0.637280029654036
0.642775991749175
0.60281821322314
0.598328208609271
0.603398913764511
0.571569757475083
0.590447051580699
0.630161798333333
0.628069196994992
0.626618015050167
0.602430569514238
0.623294191275168
0.631905373109244
0.629694626262626
0.627051677908938
0.631481361486486
0.624057123519459
0.590022972881356
0.588907879456706
0.629778384353741
0.623229652470187
0.627338901023891
0.618200618803419
0.625385053082192
0.627828198970841
0.625288864261168
0.620773795180723
0.621975468965517
0.602816454231433
0.570936323529412
0.610936050259965
0.615692324652778
0.607817495652174
0.629408858885017
0.622740890052356
0.614659293706294
0.615084788091068
0.623427463157895
0.619313379613357
0.63459448415493
0.599667712522046
0.606949977031802
0.637184355752212
0.637572058510638
0.631957589698046
0.63071515480427
0.633209135472371
0.605642666071429
0.610732903398927
0.584197709677419
0.613725533213645
0.586041258992806
0.590544192792793
0.548217167870036
0.621243631103074
0.614505815217391
0.612800475499093
0.615962616363636
0.609987653916211
0.637356010948905
0.649285903107861
0.626430787545788
0.620697537614679
0.617171095588235
0.61985817679558
0.616117455719557
0.613603573012939
0.620422872222222
0.618226599257885
0.617506198884758
0.613517655493482
0.638360527985075
0.613277938317757
0.613765245318352
0.622358210131332
0.616607240601504
0.613983425612053
0.627807173584906
0.623911219281663
0.612150439393939
0.626314011385199
0.622966374524715
0.624817958095238
0.626304557251908
0.622540556405354
0.625950998084291
0.628497508637236
0.623842559615385
0.625765061657033
0.611657700772201
0.61042147582205
0.629916666666667
0.628520326213592
0.604333354085603
0.624865389863548
0.642040037109375
0.641008273972603
0.633380650980392
0.629181569744597
0.617386527559055
0.612587796844181
0.614892136363636
0.616463467326733
0.621494432539683
0.631296147117296
0.627793260956175
0.632325848303393
0.639511098
0.636427086172345
0.631534748995984
0.63534890945674
0.610740532258065
0.634303507070707
0.633191765182186
0.634584787018256
0.631671243902439
0.633388590631365
0.626702653061225
0.600174229038855
0.594103110655738
0.611819193018481
0.607007909465021
0.624201519587629
0.620063237603306
0.616195830227743
0.61984062033195
0.58085835966736
0.62660974375
0.594325962421712
0.620923784518828
0.622320004192872
0.613009308823529
0.630454113684211
0.610613369198312
0.61114321564482
0.628723241525424
0.603694070063694
0.63137794893617
0.574400221748401
0.58543588034188
0.574354591006424
0.589304130901288
0.627864335483871
0.577372689655172
0.620227250539957
0.588366456709957
0.627173420824295
0.577348608695652
0.630882716775599
0.617173554585153
0.618749424507659
0.614379513157895
0.614243217582418
0.61679899339207
0.613664759381898
0.60957417920354
0.614756986696231
0.609033913333333
0.611805106904232
0.630950984375
0.627676906040268
0.622272780269058
0.612475217977528
0.608287213963964
0.622096304740406
0.632251269230769
0.63430933106576
0.631981786363636
0.632011346241458
0.633180940639269
0.631699947368421
0.630572013761468
0.62916256091954
0.629250410138249
0.627978794457275
0.629910733796296
0.628538461716937
0.62666211627907
0.627334002331002
0.626866203271028
0.625739297423888
0.624760730046948
0.622466870588235
0.622057775943396
0.619229945626478
0.622350073459716
0.620133327790974
0.618712771428571
0.617712692124105
0.618545480861244
0.588441786570743
0.612710627403846
0.610857684337349
0.614806379227053
0.61687101937046
0.606113516990291
0.63106799756691
0.618078751219512
0.588145755501223
0.607656166666667
0.61522971990172
0.620213736453202
0.581120587654321
0.59394475990099
0.605549682382134
0.608711855721393
0.598578349127182
0.593794735
0.607475912280702
0.60877125879397
0.605083879093199
0.596687818181818
0.595225496202532
0.601715941624365
0.604421188295165
0.611926137755102
0.596527204603581
0.586305751282051
0.610390580976864
0.595376190721649
0.619612062015504
0.600146095854922
0.629385290909091
0.603406255208333
0.618748566579635
0.627710306282723
0.608592721784777
0.627820971052632
0.628586609498681
0.62904769047619
0.620116872679045
0.61810432712766
0.623317458666667
0.58946700802139
0.593316868632708
0.608408779569892
0.579266396226415
0.576700867567568
0.620991094850948
0.581483217391304
0.572221038147139
0.585053784153005
0.57036217260274
0.574431436813187
0.575309754820937
0.56389058839779
0.595941736842105
0.590090880555556
0.605883740947075
0.596954044692737
0.601500579831933
0.582890014044944
0.596019892957746
0.571509502824859
0.565774260623229
0.586447670454545
0.572532652421652
0.562711574285714
0.548379922636103
0.589688704022989
0.5684545129683
0.577904968208092
0.561595550724638
0.587353020348837
0.60810660058309
0.614192067251462
0.579920041055718
0.571986473529412
0.568642333333333
0.551473263313609
0.554999086053412
0.565209845238095
0.5741844
0.55995121257485
0.557929174174174
0.552692692771084
0.564693063444109
0.553017563636364
0.578955258358663
0.623376573170732
0.635656070336391
0.570458895705521
0.570116323076923
0.607832185185185
0.615202148606811
0.620002127329193
0.611443327102804
0.624906953125
0.610863921630094
0.605101918238994
0.615852104100946
0.594623449367089
0.634978625396825
0.630604777070064
0.632399242811502
0.604828128205128
0.563042077170418
0.630491093548387
0.576219521035599
0.611927918831169
0.628531986970684
0.611740826797386
0.613255314754098
0.578864990131579
0.564165204620462
0.564875831125828
0.601540405315615
0.54308628
0.566696819397993
0.555483516778523
0.598615932659933
0.559846043918919
0.597123823728814
0.564583081632653
0.578075409556314
0.599390941780822
0.632443457044674
0.62905375862069
0.602920795847751
0.551985833333333
0.600144947735192
0.599595426573427
0.631838596491228
0.630934292253521
0.627644777385159
0.637893219858156
0.633413480427046
0.63223985
0.630929172043011
0.632184931654676
0.631203667870036
0.614532054347826
0.613227978181818
0.620970339416058
0.632139282051282
0.631293367647059
0.628701734317343
0.632558018518519
0.629839973977695
0.627486697761194
0.57716565917603
0.608841364661654
0.605631298113208
0.627177473484849
0.628011315589354
0.624567251908397
0.626488605363985
0.630075469230769
0.633484239382239
0.630356298449612
0.631819019455253
0.6280806796875
0.637630694117647
0.627998795275591
0.637146501976285
0.62659751984127
0.618737043824701
0.641401232
0.640270879518072
0.633669608870968
0.631016068825911
0.636114101626016
0.635348155102041
0.632647135245902
0.629820798353909
0.631562611570248
0.626243647302905
0.624797766666667
0.624867393305439
0.623032676470588
0.612942599156118
0.631224466101695
0.623156965957447
0.634799512820513
0.628426072961373
0.622175297413793
0.619080341991342
0.628170043478261
0.626086362445415
0.617646824561404
0.620848123348018
0.621608212389381
0.612726284444444
0.62108509375
0.620755753363229
0.622000301801802
0.628476561085973
0.627255668181818
0.622253479452055
0.625777321100917
0.62130265437788
0.624241986111111
0.634109186046512
0.622080523364486
0.62317520657277
0.619917933962264
0.617387303317536
0.607537895238095
0.611773598086124
0.617242745192308
0.617439903381643
0.620459432038835
0.618132053658537
0.61545031372549
0.62109321182266
0.614672485148515
0.614749616915423
0.61345321
0.611420376884422
0.610300434343434
0.617932005076142
0.626308142857143
0.623261820512821
0.615469572164948
0.612199067357513
0.608560244791667
0.613128790575916
0.611952726315789
0.60670046031746
0.615114526595745
0.621684267379679
0.612221930107527
0.624159724324324
0.610474190217391
0.62382581420765
0.613240582417582
0.603552988950276
0.631831444444445
0.597539363128492
0.608510865168539
0.620199485875706
0.620833869318182
0.615490737142857
0.606894459770115
0.607076878612717
0.59650036627907
0.603950005847953
0.606756958823529
0.604199852071006
0.595333267857143
0.603642850299401
0.613859909638554
0.581619084848485
0.575771536585366
0.588538429447853
0.604709734567901
0.587630658385093
0.59461399375
0.588767742138365
0.573377253164557
0.598720267515924
0.610413596153846
0.601504148387097
0.606416084415584
0.602824895424837
0.604030539473684
0.592020417218543
0.598106986666667
0.593637979865772
0.601108
0.591437721088435
0.587515061643836
0.586433331034483
0.587528347222222
0.588405335664336
0.590794267605634
0.584425680851064
0.585290642857143
0.592359553956834
0.574611833333333
0.569361635036496
0.576737272058824
0.581137185185185
0.577705208955224
0.576662796992481
0.586014265151515
0.579173358778626
0.642248938461538
0.621516914728682
0.6152996015625
0.668487543307087
0.666291103174603
0.664437656
0.664429475806452
0.660731260162602
0.63780562295082
0.645541545454545
0.6576136
0.639536176470588
0.603433838983051
0.594129341880342
0.607577568965517
0.596313565217391
0.613888921052632
0.61798896460177
0.614336758928571
0.637104900900901
0.636852081818182
0.631751981651376
0.635515046296296
0.613707112149533
0.629034877358491
0.654591085714286
0.598042163461538
0.623700650485437
0.638595235294118
0.655455148514851
0.65602692
0.653062636363636
0.654659
0.652120608247423
0.6462874375
0.641683957894737
0.658069382978723
0.650176548387097
0.60401527173913
0.623528725274725
0.686419088888889
0.684230258426966
0.633879840909091
0.67448883908046
0.671875697674419
0.667609705882353
0.664847071428571
0.661096
0.636474134146341
0.634535209876543
0.561766925
0.636306493670886
0.565964012820513
0.556706636363636
0.670556302631579
0.66695536
0.666180662162162
0.659505479452055
0.641464722222222
0.656756169014085
0.652152757142857
0.646261391304348
0.637237529411765
0.63115752238806
0.642690015151515
0.624591338461538
0.645267046875
0.632461349206349
0.635750129032258
0.612007737704918
0.60508245
0.63019493220339
0.602114379310345
0.605808315789474
0.623025964285714
0.593307109090909
0.622155388888889
0.638788132075472
0.636303211538462
0.635049196078431
0.63267676
0.58057006122449
0.636695895833333
0.630833510638298
0.608251413043478
0.605152933333333
0.605434136363636
0.593743
0.629745904761905
0.622807317073171
0.6024605
0.631866358974359
0.583275710526316
0.623039135135135
0.562834527777778
0.617274057142857
0.606055088235294
0.596177363636364
0.54834228125
0.619326258064516
0.587411666666667
0.593892965517241
0.556811464285714
0.611050814814815
0.598584769230769
0.52804856
0.642602458333333
0.646619913043478
0.729152272727273
0.749956476190476
0.7487536
0.736363736842105
0.738643277777778
0.741206117647059
0.7128445
0.7421186
0.729323357142857
0.729659230769231
0.73449
0.646897
0.6525669
0.705685
0.700080125
0.749299
0.7608125
0.7486242
0.7626935
0.740687333333333
0.7397385
0.709459
